$ANSIBLE_VAULT;1.1;AES256
62386461636562623366613264383266316461383761373337383361343637383034393532346466
6633316665616636303562343630356565363736663561350a653065613835373832383164616233
32323066643566343737613131376435623837383436613135346562636237653362376161373962
6534303837666135370a373464323432343365393861613462623839623562643837643462393837
35306335366535333531633061623562643037383538653434653838343630663762373361663464
33366665366666623930336466653435343664373931353366643830376162653963313136333839
34346163643965376330363138383465646136323466623264303631373039353631623633333365
36376534666564663739346236316330333437396166323935313037393436323431366363643565
39323834656633663561326361616165383865343739363062636434643137363432393739643066
38316262653334386262306432393930363461313534636533663238313861616563646335353431
38386366613162383432643766343763636231386338306337646232363463356233653634643364
63613034333763363038623865383663623431383432646264383433333332326163356130343233
32363034393430643463313730633866613735626262653666633430613661666232326539363730
36633037366232343431383739323138303861393165373538663930623335626166656562366437
39663564626264303530643665626264336565613433396663336535663338383561363633323863
61303531643237393735633436393262626463353761323430353536353361303961343632643261
30613537633732376435303334303463653061663039326638613466653931363334653961623563
64633264363132643261396135346664376161373166323662376132363261333033376161363132
36333238373739643265383231633139373832363135616561356465393333366238633963333065
38643733323063646665
